MID_PLACE_Filene  0   42,71,114	11,106,139	42,50,75	0	184,134,75	0	255,231,201	0
MID_PLACE_Brodia   0    130	199,56,23	81,0,0	0	149,43,47	0	234,200,175	0
MID_PLACE_Ircion    46,87,74	19,149,126	50,72,95	0	142,115,97	0	243,221,203	0
MID_PLACE_Solum 0   194,105,0	210,161,29	68,64,85	0	60,33,19	0	128,78,71	222,192,192
MPID_Bandits  0   55,39,36	96,72,62	0	0	0	0	226,192,165	0
MPID_Lueur	220,220,220	20,40,120	204,36,48	203,200,133	39,70,118	23,45,89	255,210,190	0
MPID_Rafale	186,90,132	243,242,242	50,41,42	217,200,160	0	0	255,228,209	0
MPID_El	90,157,186	243,242,242	50,41,42	217,200,160	0	0	255,240,222	0
MPID_Alfred	53,123,185	255,211,90	167,201,4	189,169,130	241,238,199	0	255,230,212	0
MPID_Boucheron	227,118,33	89,63,46	51,132,126	241,241,241	184,134,75	0	255,230,213	0
MPID_Louis	54,53,28	247,214,134	74,133,107	255,253,240	66,50,35	0	255,230,212	0
MPID_Jean	141,154,95	64,66,98	209,184,170	197,189,188	92,95,109	0	245,215,200	0
MPID_Celine	255,250,199	223,239,99	255,202,158	255,250,199	236,220,181	0	254,236,231	0
MPID_Eve	245,253,255	159,208,93	57,73,96	212,255,233	255,235,188	0	249,225,213	0
MPID_Etie	226,235,144	255,170,104	254,242,210	210,210,210	250,170,104	0	255,231,225	0
MPID_Chloe	101,162,136	47,96,107	253,98,16	255,235,154	90,180,180	0	254,236,231	0
MPID_Diamand	122,42,43	179,160,146	222,55,55	77,60,49	124,42,42	0	243,205,175	0
MPID_Staluke	56,98,133	209,208,216	117,48,51	66,54,45	15,44,86	0	243,220,204	0
MPID_Morion	125,35,24	159,136,94	62,54,118	66,66,78	149,43,47	0	234,200,175
MPID_Umber	255,246,221	227,227,231	199,57,56	57,45,36	246,198,77	0	255,230,212	0
MPID_Jade	56,86,96	206,180,112	174,53,43	223,223,230	255,229,160	0	255,228,215	0
MPID_Lapis	216,60,60	240,240,240	248,240,163	171,38,38	255,202,196	0	255,228,215	0
MPID_Citrinica	140,87,80	254,247,221	67,54,44	239,194,71	226,216,161	0	255,223,219	0
MPID_Saphir	42,71,96	114,26,18	46,30,30	173,173,202	191,191,191	0	156,110,106	243,226,226
MPID_Yunaka	68,51,86	214,69,168	36,24,46	212,182,105	170,22,71	0	255,224,209	0
MPID_Hyacinth	21,21,21	57,102,73	228,228,228	135,0,118	214,214,214	0	241,231,226
MPID_Zelkova	67,59,71	108,100,121	34,32,45	105,101,118	62,61,72	0	121,112,110	207,190,188
MPID_Kagetsu	129,46,56	77,83,99	236,207,149	74,82,35	56,65,98	0	247,224,208	0
MPID_Rosado	97,81,140	222,122,134	33,24,21	226,226,228	0	0	255,231,225	0
MPID_Linden	248,238,224	57,57,36	241,206,118	250,250,250	239,227,211	0	227,169,151	0
MPID_Ivy	22,23,96	217,48,105	42,42,42	2,3,35	132,37,108	0	255,244,243	0
MPID_Hortensia	26,27,85	91,195,241	222,44,104	240,240,240	0	0	255,230,232	0
MPID_Goldmary	255,207,104	250,250,250	71,43,26	226,226,228	184,144,105	0	255,224,209	0
MPID_Fogato	229,55,29	237,237,237	71,30,101	255,208,45	60,33,19	0	129,76,68	222,192,192
MPID_Pandoro	224,224,231	240,33,0	54,86,98	246,211,129	246,127,83	0	255,236,223	0
MPID_Bonet	246,238,225	232,149,83	74,29,98	209,212,209	236,220,181	0	249,226,217	0
MPID_Seadas 104,30,18	234,149,81	56,56,56	201,182,134	0	0	243,219,199	0
MPID_Misutira	237,237,237	229,111,165	20,20,20	150,211,182	0	0	129,76,68	222,192,192
MPID_Sfoglia	255,251,216	207,111,0	36,36,36	68,120,134	0	0	142,72,64	222,192,192	255
MPID_Merin	76,28,102	42,83,211	4,6,10	237,237,237	236,220,181	0	255,228,215	0
MPID_Panetone	40,41,69	14,137,151	226,225,230	4,4,9	245,90,51	0	255,231,225	0
MPID_Vandre	51,54,58	47,70,170	217,179,94	226,226,228	241,227,217	0	233,203,180	0
MPID_Clan	209,184,171	44,110,104	123,121,136	185,172,150	224,196,189	0	255,222,203	0
MPID_Mauve	251,234,234	62,56,118	71,61,64	214,212,228	88,91,102	0	233,191,158	0
MPID_Gris	131,123,100	39,36,44	144,60,94	71,74,55	0	0	242,223,200
MPID_Gregory	228,228,228	39,36,44	234,197,129	70,73,53	50,83,69	0	242,223,200	0
MPID_Fram	194,158,132	207,35,108	30,27,44	122,120,138	217,212,201	0	255,223,219	0
MPID_Veyre	243,235,226	44,40,40	180,83,118	243,235,226	0	0	255,231,225	0
MPID_Anna	133,53,54	229,217,204	45,45,45	94,94,94	196,85,81	0	255,231,225	0
MPID_Sepia	26,24,30	207,19,95	232,195,127	41,31,54	233,226,215	0	238,187,160
MPID_Selestia	227,192,26	24,100,141	39,36,44	78,74,83	0	0	238,187,160	229,229,229
MPID_Marron	238,253,251	116,28,51	38,36,61	192,81,126	246,228,166	0	254,236,231	0
MPID_Madeline	30,60,113	234,252,251	41,52,68	67,175,205	0	0	254,236,231	0
MPID_Lumiere	254,254,255	174,187,136	136,152,46	241,204,103	125,175,255	0	254,236,231	0
MPID_M005_Boss  112,82,142	86,75,115	0	0	255,255,255	0	254,230,225	0
MPID_M006_Boss  86,74,60	153,70,54	0	157,140,112	142,115,97	0	234,207,186	0
MJID_Emblem 240,240,240	230,230,230	195,195,195	235,235,235	0	0	248,238,205	0
MPID_Phantom    235,235,235	250,250,250	0	235,235,235	127,161,215	0	246,237,232	230,230,230
MPID_MorphGold  243,226,137	30,30,30	0	243,216,100	236,220,181	0	0	0
MPID_MorphSilver    114,114,114	30,30,30	0	240,240,240	180,180,180	0	0	0
EID_Tiki    233,228,225	186,156,86	146,113,35
EID_Tiki    233,228,225	72,141,197	24,82,130
EID_Tiki    219,226,165	85,130,91	59,91,73
EID_Tiki    173,180,216	174,90,204	116,56,157
Hair
MPID_Sombre 0 0 154,142,189
MPID_MorphMorion    149,43,47
MPID_M003_Boss  192,196,173
MPID_M004_Boss  201,183,159
MPID_JeanFather 79,68,100
MPID_JeanMother 92,95,109
MPID_ItemShop   40,19,2	35,42,63	121,95,78	233,230,230
MPID_BlackSmith   197,179,141	55,55,55	255,234,223
MPID_AccessoriesShop    192,117,114	137,87,85
MPID_Morph 180,180,180
MJID_ShadowLord 161,42,48
MPID_Vision  224,224,224	169,195,178
MPID_Marth  81,91,125
MPID_Siglud 61,93,132
MPID_Celica 207,72,63
MPID_Micaiah 216,208,227
MPID_Roy    221,100,62
MPID_Leaf   188,69,19
MPID_Lucina 73,87,123
MPID_Lin    19,125,110
MPID_Ike    56,58,123
MPID_Byleth 47,54,77
MPID_Kamui  200,185,163
MPID_Eirik  58,154,164
MGID_Ephraim 60,110,87
EID_Marth  129,198,255	123,162,255
EID_Siglud 237,208,255	201,216,255
EID_Celica 255,212,245 253,143,118
EID_Micaiah 255,240,197	255,181,48
EID_Roy    254,200,140	241,60,67
EID_Leaf   251,254,209	183,248,154
EID_Lucina 182,234,255	1,214,255
EID_Lin    216,241,178	1,190,71
EID_Ike    88,90,229	136,238,185
EID_Byleth 236,141,255	191,107,255
EID_Kamui  188,188,188	255,255,255
EID_Eirik  255,245,199	175,246,230
EID_Edelgard   78,74,107 117,72,153
EID_Veronica 214,207,197	144,126,112
EID_Hector 46,51,143	50,146,255
EID_Senerio 85,134,113	63,72,69
EID_Chrom  48,92,129	68,154,229
EID_Camilla    191,183,224	121,81,170
EID_Lueur  97,184,231	255,51,107